/*--------------------------------*- C++ -*----------------------------------*\
| =========                 |                                                 |
| \\      /  F ield         | OpenFOAM: The Open Source CFD Toolbox           |
|  \\    /   O peration     | Version:  2212                                  |
|   \\  /    A nd           | Website:  www.openfoam.com                      |
|    \\/     M anipulation  |                                                 |
\*---------------------------------------------------------------------------*/
FoamFile
{
    version     2.0;
    format      ascii;
    arch        "LSB;label=32;scalar=64";
    class       vectorField;
    location    "constant/polyMesh";
    object      points;
}
// * * * * * * * * * * * * * * * * * * * * * * * * * * * * * * * * * * * * * //


2058
(
(0 0.07794228634 0)
(0.015 0.07794228634 0)
(0.03 0.07794228634 0)
(0.045 0.07794228634 0)
(0.06 0.07794228634 0)
(0.075 0.07794228634 0)
(0.09 0.07794228634 0)
(0.105 0.07794228634 0)
(0.12 0.07794228634 0)
(0.135 0.07794228634 0)
(0.15 0.07794228634 0)
(0.165 0.07794228634 0)
(0.18 0.07794228634 0)
(0.195 0.07794228634 0)
(0.21 0.07794228634 0)
(0.225 0.07794228634 0)
(0.24 0.07794228634 0)
(0.255 0.07794228634 0)
(0.27 0.07794228634 0)
(0.285 0.07794228634 0)
(0.3 0.07794228634 0)
(0 0.08849372918 0)
(0.015 0.08849372918 0)
(0.03 0.08849372918 0)
(0.045 0.08849372918 0)
(0.06 0.08849372918 0)
(0.075 0.08849372918 0)
(0.09 0.08849372918 0)
(0.105 0.08849372918 0)
(0.12 0.08849372918 0)
(0.135 0.08849372918 0)
(0.15 0.08849372918 0)
(0.165 0.08849372918 0)
(0.18 0.08849372918 0)
(0.195 0.08849372918 0)
(0.21 0.08849372918 0)
(0.225 0.08849372918 0)
(0.24 0.08849372918 0)
(0.255 0.08849372918 0)
(0.27 0.08849372918 0)
(0.285 0.08849372918 0)
(0.3 0.08849372918 0)
(0 0.09904517202 0)
(0.015 0.09904517202 0)
(0.03 0.09904517202 0)
(0.045 0.09904517202 0)
(0.06 0.09904517202 0)
(0.075 0.09904517202 0)
(0.09 0.09904517202 0)
(0.105 0.09904517202 0)
(0.12 0.09904517202 0)
(0.135 0.09904517202 0)
(0.15 0.09904517202 0)
(0.165 0.09904517202 0)
(0.18 0.09904517202 0)
(0.195 0.09904517202 0)
(0.21 0.09904517202 0)
(0.225 0.09904517202 0)
(0.24 0.09904517202 0)
(0.255 0.09904517202 0)
(0.27 0.09904517202 0)
(0.285 0.09904517202 0)
(0.3 0.09904517202 0)
(0 0.1095966149 0)
(0.015 0.1095966149 0)
(0.03 0.1095966149 0)
(0.045 0.1095966149 0)
(0.06 0.1095966149 0)
(0.075 0.1095966149 0)
(0.09 0.1095966149 0)
(0.105 0.1095966149 0)
(0.12 0.1095966149 0)
(0.135 0.1095966149 0)
(0.15 0.1095966149 0)
(0.165 0.1095966149 0)
(0.18 0.1095966149 0)
(0.195 0.1095966149 0)
(0.21 0.1095966149 0)
(0.225 0.1095966149 0)
(0.24 0.1095966149 0)
(0.255 0.1095966149 0)
(0.27 0.1095966149 0)
(0.285 0.1095966149 0)
(0.3 0.1095966149 0)
(0 0.1201480577 0)
(0.015 0.1201480577 0)
(0.03 0.1201480577 0)
(0.045 0.1201480577 0)
(0.06 0.1201480577 0)
(0.075 0.1201480577 0)
(0.09 0.1201480577 0)
(0.105 0.1201480577 0)
(0.12 0.1201480577 0)
(0.135 0.1201480577 0)
(0.15 0.1201480577 0)
(0.165 0.1201480577 0)
(0.18 0.1201480577 0)
(0.195 0.1201480577 0)
(0.21 0.1201480577 0)
(0.225 0.1201480577 0)
(0.24 0.1201480577 0)
(0.255 0.1201480577 0)
(0.27 0.1201480577 0)
(0.285 0.1201480577 0)
(0.3 0.1201480577 0)
(0 0.1306995005 0)
(0.015 0.1306995005 0)
(0.03 0.1306995005 0)
(0.045 0.1306995005 0)
(0.06 0.1306995005 0)
(0.075 0.1306995005 0)
(0.09 0.1306995005 0)
(0.105 0.1306995005 0)
(0.12 0.1306995005 0)
(0.135 0.1306995005 0)
(0.15 0.1306995005 0)
(0.165 0.1306995005 0)
(0.18 0.1306995005 0)
(0.195 0.1306995005 0)
(0.21 0.1306995005 0)
(0.225 0.1306995005 0)
(0.24 0.1306995005 0)
(0.255 0.1306995005 0)
(0.27 0.1306995005 0)
(0.285 0.1306995005 0)
(0.3 0.1306995005 0)
(0 0.1412509434 0)
(0.015 0.1412509434 0)
(0.03 0.1412509434 0)
(0.045 0.1412509434 0)
(0.06 0.1412509434 0)
(0.075 0.1412509434 0)
(0.09 0.1412509434 0)
(0.105 0.1412509434 0)
(0.12 0.1412509434 0)
(0.135 0.1412509434 0)
(0.15 0.1412509434 0)
(0.165 0.1412509434 0)
(0.18 0.1412509434 0)
(0.195 0.1412509434 0)
(0.21 0.1412509434 0)
(0.225 0.1412509434 0)
(0.24 0.1412509434 0)
(0.255 0.1412509434 0)
(0.27 0.1412509434 0)
(0.285 0.1412509434 0)
(0.3 0.1412509434 0)
(0 0.1518023862 0)
(0.015 0.1518023862 0)
(0.03 0.1518023862 0)
(0.045 0.1518023862 0)
(0.06 0.1518023862 0)
(0.075 0.1518023862 0)
(0.09 0.1518023862 0)
(0.105 0.1518023862 0)
(0.12 0.1518023862 0)
(0.135 0.1518023862 0)
(0.15 0.1518023862 0)
(0.165 0.1518023862 0)
(0.18 0.1518023862 0)
(0.195 0.1518023862 0)
(0.21 0.1518023862 0)
(0.225 0.1518023862 0)
(0.24 0.1518023862 0)
(0.255 0.1518023862 0)
(0.27 0.1518023862 0)
(0.285 0.1518023862 0)
(0.3 0.1518023862 0)
(0 0.1623538291 0)
(0.015 0.1623538291 0)
(0.03 0.1623538291 0)
(0.045 0.1623538291 0)
(0.06 0.1623538291 0)
(0.075 0.1623538291 0)
(0.09 0.1623538291 0)
(0.105 0.1623538291 0)
(0.12 0.1623538291 0)
(0.135 0.1623538291 0)
(0.15 0.1623538291 0)
(0.165 0.1623538291 0)
(0.18 0.1623538291 0)
(0.195 0.1623538291 0)
(0.21 0.1623538291 0)
(0.225 0.1623538291 0)
(0.24 0.1623538291 0)
(0.255 0.1623538291 0)
(0.27 0.1623538291 0)
(0.285 0.1623538291 0)
(0.3 0.1623538291 0)
(0 0.1729052719 0)
(0.015 0.1729052719 0)
(0.03 0.1729052719 0)
(0.045 0.1729052719 0)
(0.06 0.1729052719 0)
(0.075 0.1729052719 0)
(0.09 0.1729052719 0)
(0.105 0.1729052719 0)
(0.12 0.1729052719 0)
(0.135 0.1729052719 0)
(0.15 0.1729052719 0)
(0.165 0.1729052719 0)
(0.18 0.1729052719 0)
(0.195 0.1729052719 0)
(0.21 0.1729052719 0)
(0.225 0.1729052719 0)
(0.24 0.1729052719 0)
(0.255 0.1729052719 0)
(0.27 0.1729052719 0)
(0.285 0.1729052719 0)
(0.3 0.1729052719 0)
(0 0.1834567148 0)
(0.015 0.1834567148 0)
(0.03 0.1834567148 0)
(0.045 0.1834567148 0)
(0.06 0.1834567148 0)
(0.075 0.1834567148 0)
(0.09 0.1834567148 0)
(0.105 0.1834567148 0)
(0.12 0.1834567148 0)
(0.135 0.1834567148 0)
(0.15 0.1834567148 0)
(0.165 0.1834567148 0)
(0.18 0.1834567148 0)
(0.195 0.1834567148 0)
(0.21 0.1834567148 0)
(0.225 0.1834567148 0)
(0.24 0.1834567148 0)
(0.255 0.1834567148 0)
(0.27 0.1834567148 0)
(0.285 0.1834567148 0)
(0.3 0.1834567148 0)
(0 0.1940081576 0)
(0.015 0.1940081576 0)
(0.03 0.1940081576 0)
(0.045 0.1940081576 0)
(0.06 0.1940081576 0)
(0.075 0.1940081576 0)
(0.09 0.1940081576 0)
(0.105 0.1940081576 0)
(0.12 0.1940081576 0)
(0.135 0.1940081576 0)
(0.15 0.1940081576 0)
(0.165 0.1940081576 0)
(0.18 0.1940081576 0)
(0.195 0.1940081576 0)
(0.21 0.1940081576 0)
(0.225 0.1940081576 0)
(0.24 0.1940081576 0)
(0.255 0.1940081576 0)
(0.27 0.1940081576 0)
(0.285 0.1940081576 0)
(0.3 0.1940081576 0)
(0 0.2045596004 0)
(0.015 0.2045596004 0)
(0.03 0.2045596004 0)
(0.045 0.2045596004 0)
(0.06 0.2045596004 0)
(0.075 0.2045596004 0)
(0.09 0.2045596004 0)
(0.105 0.2045596004 0)
(0.12 0.2045596004 0)
(0.135 0.2045596004 0)
(0.15 0.2045596004 0)
(0.165 0.2045596004 0)
(0.18 0.2045596004 0)
(0.195 0.2045596004 0)
(0.21 0.2045596004 0)
(0.225 0.2045596004 0)
(0.24 0.2045596004 0)
(0.255 0.2045596004 0)
(0.27 0.2045596004 0)
(0.285 0.2045596004 0)
(0.3 0.2045596004 0)
(0 0.2151110433 0)
(0.015 0.2151110433 0)
(0.03 0.2151110433 0)
(0.045 0.2151110433 0)
(0.06 0.2151110433 0)
(0.075 0.2151110433 0)
(0.09 0.2151110433 0)
(0.105 0.2151110433 0)
(0.12 0.2151110433 0)
(0.135 0.2151110433 0)
(0.15 0.2151110433 0)
(0.165 0.2151110433 0)
(0.18 0.2151110433 0)
(0.195 0.2151110433 0)
(0.21 0.2151110433 0)
(0.225 0.2151110433 0)
(0.24 0.2151110433 0)
(0.255 0.2151110433 0)
(0.27 0.2151110433 0)
(0.285 0.2151110433 0)
(0.3 0.2151110433 0)
(0 0.2256624861 0)
(0.015 0.2256624861 0)
(0.03 0.2256624861 0)
(0.045 0.2256624861 0)
(0.06 0.2256624861 0)
(0.075 0.2256624861 0)
(0.09 0.2256624861 0)
(0.105 0.2256624861 0)
(0.12 0.2256624861 0)
(0.135 0.2256624861 0)
(0.15 0.2256624861 0)
(0.165 0.2256624861 0)
(0.18 0.2256624861 0)
(0.195 0.2256624861 0)
(0.21 0.2256624861 0)
(0.225 0.2256624861 0)
(0.24 0.2256624861 0)
(0.255 0.2256624861 0)
(0.27 0.2256624861 0)
(0.285 0.2256624861 0)
(0.3 0.2256624861 0)
(0 0.236213929 0)
(0.015 0.236213929 0)
(0.03 0.236213929 0)
(0.045 0.236213929 0)
(0.06 0.236213929 0)
(0.075 0.236213929 0)
(0.09 0.236213929 0)
(0.105 0.236213929 0)
(0.12 0.236213929 0)
(0.135 0.236213929 0)
(0.15 0.236213929 0)
(0.165 0.236213929 0)
(0.18 0.236213929 0)
(0.195 0.236213929 0)
(0.21 0.236213929 0)
(0.225 0.236213929 0)
(0.24 0.236213929 0)
(0.255 0.236213929 0)
(0.27 0.236213929 0)
(0.285 0.236213929 0)
(0.3 0.236213929 0)
(0 0.2467653718 0)
(0.015 0.2467653718 0)
(0.03 0.2467653718 0)
(0.045 0.2467653718 0)
(0.06 0.2467653718 0)
(0.075 0.2467653718 0)
(0.09 0.2467653718 0)
(0.105 0.2467653718 0)
(0.12 0.2467653718 0)
(0.135 0.2467653718 0)
(0.15 0.2467653718 0)
(0.165 0.2467653718 0)
(0.18 0.2467653718 0)
(0.195 0.2467653718 0)
(0.21 0.2467653718 0)
(0.225 0.2467653718 0)
(0.24 0.2467653718 0)
(0.255 0.2467653718 0)
(0.27 0.2467653718 0)
(0.285 0.2467653718 0)
(0.3 0.2467653718 0)
(0 0.2573168146 0)
(0.015 0.2573168146 0)
(0.03 0.2573168146 0)
(0.045 0.2573168146 0)
(0.06 0.2573168146 0)
(0.075 0.2573168146 0)
(0.09 0.2573168146 0)
(0.105 0.2573168146 0)
(0.12 0.2573168146 0)
(0.135 0.2573168146 0)
(0.15 0.2573168146 0)
(0.165 0.2573168146 0)
(0.18 0.2573168146 0)
(0.195 0.2573168146 0)
(0.21 0.2573168146 0)
(0.225 0.2573168146 0)
(0.24 0.2573168146 0)
(0.255 0.2573168146 0)
(0.27 0.2573168146 0)
(0.285 0.2573168146 0)
(0.3 0.2573168146 0)
(0 0.2678682575 0)
(0.015 0.2678682575 0)
(0.03 0.2678682575 0)
(0.045 0.2678682575 0)
(0.06 0.2678682575 0)
(0.075 0.2678682575 0)
(0.09 0.2678682575 0)
(0.105 0.2678682575 0)
(0.12 0.2678682575 0)
(0.135 0.2678682575 0)
(0.15 0.2678682575 0)
(0.165 0.2678682575 0)
(0.18 0.2678682575 0)
(0.195 0.2678682575 0)
(0.21 0.2678682575 0)
(0.225 0.2678682575 0)
(0.24 0.2678682575 0)
(0.255 0.2678682575 0)
(0.27 0.2678682575 0)
(0.285 0.2678682575 0)
(0.3 0.2678682575 0)
(0 0.2784197003 0)
(0.015 0.2784197003 0)
(0.03 0.2784197003 0)
(0.045 0.2784197003 0)
(0.06 0.2784197003 0)
(0.075 0.2784197003 0)
(0.09 0.2784197003 0)
(0.105 0.2784197003 0)
(0.12 0.2784197003 0)
(0.135 0.2784197003 0)
(0.15 0.2784197003 0)
(0.165 0.2784197003 0)
(0.18 0.2784197003 0)
(0.195 0.2784197003 0)
(0.21 0.2784197003 0)
(0.225 0.2784197003 0)
(0.24 0.2784197003 0)
(0.255 0.2784197003 0)
(0.27 0.2784197003 0)
(0.285 0.2784197003 0)
(0.3 0.2784197003 0)
(0 0.2889711432 0)
(0.015 0.2889711432 0)
(0.03 0.2889711432 0)
(0.045 0.2889711432 0)
(0.06 0.2889711432 0)
(0.075 0.2889711432 0)
(0.09 0.2889711432 0)
(0.105 0.2889711432 0)
(0.12 0.2889711432 0)
(0.135 0.2889711432 0)
(0.15 0.2889711432 0)
(0.165 0.2889711432 0)
(0.18 0.2889711432 0)
(0.195 0.2889711432 0)
(0.21 0.2889711432 0)
(0.225 0.2889711432 0)
(0.24 0.2889711432 0)
(0.255 0.2889711432 0)
(0.27 0.2889711432 0)
(0.285 0.2889711432 0)
(0.3 0.2889711432 0)
(0 0.299522586 0)
(0.015 0.299522586 0)
(0.03 0.299522586 0)
(0.045 0.299522586 0)
(0.06 0.299522586 0)
(0.075 0.299522586 0)
(0.09 0.299522586 0)
(0.105 0.299522586 0)
(0.12 0.299522586 0)
(0.135 0.299522586 0)
(0.15 0.299522586 0)
(0.165 0.299522586 0)
(0.18 0.299522586 0)
(0.195 0.299522586 0)
(0.21 0.299522586 0)
(0.225 0.299522586 0)
(0.24 0.299522586 0)
(0.255 0.299522586 0)
(0.27 0.299522586 0)
(0.285 0.299522586 0)
(0.3 0.299522586 0)
(0 0.3100740289 0)
(0.015 0.3100740289 0)
(0.03 0.3100740289 0)
(0.045 0.3100740289 0)
(0.06 0.3100740289 0)
(0.075 0.3100740289 0)
(0.09 0.3100740289 0)
(0.105 0.3100740289 0)
(0.12 0.3100740289 0)
(0.135 0.3100740289 0)
(0.15 0.3100740289 0)
(0.165 0.3100740289 0)
(0.18 0.3100740289 0)
(0.195 0.3100740289 0)
(0.21 0.3100740289 0)
(0.225 0.3100740289 0)
(0.24 0.3100740289 0)
(0.255 0.3100740289 0)
(0.27 0.3100740289 0)
(0.285 0.3100740289 0)
(0.3 0.3100740289 0)
(0 0.3206254717 0)
(0.015 0.3206254717 0)
(0.03 0.3206254717 0)
(0.045 0.3206254717 0)
(0.06 0.3206254717 0)
(0.075 0.3206254717 0)
(0.09 0.3206254717 0)
(0.105 0.3206254717 0)
(0.12 0.3206254717 0)
(0.135 0.3206254717 0)
(0.15 0.3206254717 0)
(0.165 0.3206254717 0)
(0.18 0.3206254717 0)
(0.195 0.3206254717 0)
(0.21 0.3206254717 0)
(0.225 0.3206254717 0)
(0.24 0.3206254717 0)
(0.255 0.3206254717 0)
(0.27 0.3206254717 0)
(0.285 0.3206254717 0)
(0.3 0.3206254717 0)
(0 0.3311769145 0)
(0.015 0.3311769145 0)
(0.03 0.3311769145 0)
(0.045 0.3311769145 0)
(0.06 0.3311769145 0)
(0.075 0.3311769145 0)
(0.09 0.3311769145 0)
(0.105 0.3311769145 0)
(0.12 0.3311769145 0)
(0.135 0.3311769145 0)
(0.15 0.3311769145 0)
(0.165 0.3311769145 0)
(0.18 0.3311769145 0)
(0.195 0.3311769145 0)
(0.21 0.3311769145 0)
(0.225 0.3311769145 0)
(0.24 0.3311769145 0)
(0.255 0.3311769145 0)
(0.27 0.3311769145 0)
(0.285 0.3311769145 0)
(0.3 0.3311769145 0)
(0 0.3417283574 0)
(0.015 0.3417283574 0)
(0.03 0.3417283574 0)
(0.045 0.3417283574 0)
(0.06 0.3417283574 0)
(0.075 0.3417283574 0)
(0.09 0.3417283574 0)
(0.105 0.3417283574 0)
(0.12 0.3417283574 0)
(0.135 0.3417283574 0)
(0.15 0.3417283574 0)
(0.165 0.3417283574 0)
(0.18 0.3417283574 0)
(0.195 0.3417283574 0)
(0.21 0.3417283574 0)
(0.225 0.3417283574 0)
(0.24 0.3417283574 0)
(0.255 0.3417283574 0)
(0.27 0.3417283574 0)
(0.285 0.3417283574 0)
(0.3 0.3417283574 0)
(0 0.3522798002 0)
(0.015 0.3522798002 0)
(0.03 0.3522798002 0)
(0.045 0.3522798002 0)
(0.06 0.3522798002 0)
(0.075 0.3522798002 0)
(0.09 0.3522798002 0)
(0.105 0.3522798002 0)
(0.12 0.3522798002 0)
(0.135 0.3522798002 0)
(0.15 0.3522798002 0)
(0.165 0.3522798002 0)
(0.18 0.3522798002 0)
(0.195 0.3522798002 0)
(0.21 0.3522798002 0)
(0.225 0.3522798002 0)
(0.24 0.3522798002 0)
(0.255 0.3522798002 0)
(0.27 0.3522798002 0)
(0.285 0.3522798002 0)
(0.3 0.3522798002 0)
(0 0.3628312431 0)
(0.015 0.3628312431 0)
(0.03 0.3628312431 0)
(0.045 0.3628312431 0)
(0.06 0.3628312431 0)
(0.075 0.3628312431 0)
(0.09 0.3628312431 0)
(0.105 0.3628312431 0)
(0.12 0.3628312431 0)
(0.135 0.3628312431 0)
(0.15 0.3628312431 0)
(0.165 0.3628312431 0)
(0.18 0.3628312431 0)
(0.195 0.3628312431 0)
(0.21 0.3628312431 0)
(0.225 0.3628312431 0)
(0.24 0.3628312431 0)
(0.255 0.3628312431 0)
(0.27 0.3628312431 0)
(0.285 0.3628312431 0)
(0.3 0.3628312431 0)
(0 0.3733826859 0)
(0.015 0.3733826859 0)
(0.03 0.3733826859 0)
(0.045 0.3733826859 0)
(0.06 0.3733826859 0)
(0.075 0.3733826859 0)
(0.09 0.3733826859 0)
(0.105 0.3733826859 0)
(0.12 0.3733826859 0)
(0.135 0.3733826859 0)
(0.15 0.3733826859 0)
(0.165 0.3733826859 0)
(0.18 0.3733826859 0)
(0.195 0.3733826859 0)
(0.21 0.3733826859 0)
(0.225 0.3733826859 0)
(0.24 0.3733826859 0)
(0.255 0.3733826859 0)
(0.27 0.3733826859 0)
(0.285 0.3733826859 0)
(0.3 0.3733826859 0)
(0 0.3839341287 0)
(0.015 0.3839341287 0)
(0.03 0.3839341287 0)
(0.045 0.3839341287 0)
(0.06 0.3839341287 0)
(0.075 0.3839341287 0)
(0.09 0.3839341287 0)
(0.105 0.3839341287 0)
(0.12 0.3839341287 0)
(0.135 0.3839341287 0)
(0.15 0.3839341287 0)
(0.165 0.3839341287 0)
(0.18 0.3839341287 0)
(0.195 0.3839341287 0)
(0.21 0.3839341287 0)
(0.225 0.3839341287 0)
(0.24 0.3839341287 0)
(0.255 0.3839341287 0)
(0.27 0.3839341287 0)
(0.285 0.3839341287 0)
(0.3 0.3839341287 0)
(0 0.3944855716 0)
(0.015 0.3944855716 0)
(0.03 0.3944855716 0)
(0.045 0.3944855716 0)
(0.06 0.3944855716 0)
(0.075 0.3944855716 0)
(0.09 0.3944855716 0)
(0.105 0.3944855716 0)
(0.12 0.3944855716 0)
(0.135 0.3944855716 0)
(0.15 0.3944855716 0)
(0.165 0.3944855716 0)
(0.18 0.3944855716 0)
(0.195 0.3944855716 0)
(0.21 0.3944855716 0)
(0.225 0.3944855716 0)
(0.24 0.3944855716 0)
(0.255 0.3944855716 0)
(0.27 0.3944855716 0)
(0.285 0.3944855716 0)
(0.3 0.3944855716 0)
(0 0.4050370144 0)
(0.015 0.4050370144 0)
(0.03 0.4050370144 0)
(0.045 0.4050370144 0)
(0.06 0.4050370144 0)
(0.075 0.4050370144 0)
(0.09 0.4050370144 0)
(0.105 0.4050370144 0)
(0.12 0.4050370144 0)
(0.135 0.4050370144 0)
(0.15 0.4050370144 0)
(0.165 0.4050370144 0)
(0.18 0.4050370144 0)
(0.195 0.4050370144 0)
(0.21 0.4050370144 0)
(0.225 0.4050370144 0)
(0.24 0.4050370144 0)
(0.255 0.4050370144 0)
(0.27 0.4050370144 0)
(0.285 0.4050370144 0)
(0.3 0.4050370144 0)
(0 0.4155884573 0)
(0.015 0.4155884573 0)
(0.03 0.4155884573 0)
(0.045 0.4155884573 0)
(0.06 0.4155884573 0)
(0.075 0.4155884573 0)
(0.09 0.4155884573 0)
(0.105 0.4155884573 0)
(0.12 0.4155884573 0)
(0.135 0.4155884573 0)
(0.15 0.4155884573 0)
(0.165 0.4155884573 0)
(0.18 0.4155884573 0)
(0.195 0.4155884573 0)
(0.21 0.4155884573 0)
(0.225 0.4155884573 0)
(0.24 0.4155884573 0)
(0.255 0.4155884573 0)
(0.27 0.4155884573 0)
(0.285 0.4155884573 0)
(0.3 0.4155884573 0)
(0 0.4261399001 0)
(0.015 0.4261399001 0)
(0.03 0.4261399001 0)
(0.045 0.4261399001 0)
(0.06 0.4261399001 0)
(0.075 0.4261399001 0)
(0.09 0.4261399001 0)
(0.105 0.4261399001 0)
(0.12 0.4261399001 0)
(0.135 0.4261399001 0)
(0.15 0.4261399001 0)
(0.165 0.4261399001 0)
(0.18 0.4261399001 0)
(0.195 0.4261399001 0)
(0.21 0.4261399001 0)
(0.225 0.4261399001 0)
(0.24 0.4261399001 0)
(0.255 0.4261399001 0)
(0.27 0.4261399001 0)
(0.285 0.4261399001 0)
(0.3 0.4261399001 0)
(0 0.436691343 0)
(0.015 0.436691343 0)
(0.03 0.436691343 0)
(0.045 0.436691343 0)
(0.06 0.436691343 0)
(0.075 0.436691343 0)
(0.09 0.436691343 0)
(0.105 0.436691343 0)
(0.12 0.436691343 0)
(0.135 0.436691343 0)
(0.15 0.436691343 0)
(0.165 0.436691343 0)
(0.18 0.436691343 0)
(0.195 0.436691343 0)
(0.21 0.436691343 0)
(0.225 0.436691343 0)
(0.24 0.436691343 0)
(0.255 0.436691343 0)
(0.27 0.436691343 0)
(0.285 0.436691343 0)
(0.3 0.436691343 0)
(0 0.4472427858 0)
(0.015 0.4472427858 0)
(0.03 0.4472427858 0)
(0.045 0.4472427858 0)
(0.06 0.4472427858 0)
(0.075 0.4472427858 0)
(0.09 0.4472427858 0)
(0.105 0.4472427858 0)
(0.12 0.4472427858 0)
(0.135 0.4472427858 0)
(0.15 0.4472427858 0)
(0.165 0.4472427858 0)
(0.18 0.4472427858 0)
(0.195 0.4472427858 0)
(0.21 0.4472427858 0)
(0.225 0.4472427858 0)
(0.24 0.4472427858 0)
(0.255 0.4472427858 0)
(0.27 0.4472427858 0)
(0.285 0.4472427858 0)
(0.3 0.4472427858 0)
(0 0.4577942286 0)
(0.015 0.4577942286 0)
(0.03 0.4577942286 0)
(0.045 0.4577942286 0)
(0.06 0.4577942286 0)
(0.075 0.4577942286 0)
(0.09 0.4577942286 0)
(0.105 0.4577942286 0)
(0.12 0.4577942286 0)
(0.135 0.4577942286 0)
(0.15 0.4577942286 0)
(0.165 0.4577942286 0)
(0.18 0.4577942286 0)
(0.195 0.4577942286 0)
(0.21 0.4577942286 0)
(0.225 0.4577942286 0)
(0.24 0.4577942286 0)
(0.255 0.4577942286 0)
(0.27 0.4577942286 0)
(0.285 0.4577942286 0)
(0.3 0.4577942286 0)
(0 0.4683456715 0)
(0.015 0.4683456715 0)
(0.03 0.4683456715 0)
(0.045 0.4683456715 0)
(0.06 0.4683456715 0)
(0.075 0.4683456715 0)
(0.09 0.4683456715 0)
(0.105 0.4683456715 0)
(0.12 0.4683456715 0)
(0.135 0.4683456715 0)
(0.15 0.4683456715 0)
(0.165 0.4683456715 0)
(0.18 0.4683456715 0)
(0.195 0.4683456715 0)
(0.21 0.4683456715 0)
(0.225 0.4683456715 0)
(0.24 0.4683456715 0)
(0.255 0.4683456715 0)
(0.27 0.4683456715 0)
(0.285 0.4683456715 0)
(0.3 0.4683456715 0)
(0 0.4788971143 0)
(0.015 0.4788971143 0)
(0.03 0.4788971143 0)
(0.045 0.4788971143 0)
(0.06 0.4788971143 0)
(0.075 0.4788971143 0)
(0.09 0.4788971143 0)
(0.105 0.4788971143 0)
(0.12 0.4788971143 0)
(0.135 0.4788971143 0)
(0.15 0.4788971143 0)
(0.165 0.4788971143 0)
(0.18 0.4788971143 0)
(0.195 0.4788971143 0)
(0.21 0.4788971143 0)
(0.225 0.4788971143 0)
(0.24 0.4788971143 0)
(0.255 0.4788971143 0)
(0.27 0.4788971143 0)
(0.285 0.4788971143 0)
(0.3 0.4788971143 0)
(0 0.4894485572 0)
(0.015 0.4894485572 0)
(0.03 0.4894485572 0)
(0.045 0.4894485572 0)
(0.06 0.4894485572 0)
(0.075 0.4894485572 0)
(0.09 0.4894485572 0)
(0.105 0.4894485572 0)
(0.12 0.4894485572 0)
(0.135 0.4894485572 0)
(0.15 0.4894485572 0)
(0.165 0.4894485572 0)
(0.18 0.4894485572 0)
(0.195 0.4894485572 0)
(0.21 0.4894485572 0)
(0.225 0.4894485572 0)
(0.24 0.4894485572 0)
(0.255 0.4894485572 0)
(0.27 0.4894485572 0)
(0.285 0.4894485572 0)
(0.3 0.4894485572 0)
(0 0.5 0)
(0.015 0.5 0)
(0.03 0.5 0)
(0.045 0.5 0)
(0.06 0.5 0)
(0.075 0.5 0)
(0.09 0.5 0)
(0.105 0.5 0)
(0.12 0.5 0)
(0.135 0.5 0)
(0.15 0.5 0)
(0.165 0.5 0)
(0.18 0.5 0)
(0.195 0.5 0)
(0.21 0.5 0)
(0.225 0.5 0)
(0.24 0.5 0)
(0.255 0.5 0)
(0.27 0.5 0)
(0.285 0.5 0)
(0.3 0.5 0)
(0 0.07794228634 0.0062)
(0.015 0.07794228634 0.0062)
(0.03 0.07794228634 0.0062)
(0.045 0.07794228634 0.0062)
(0.06 0.07794228634 0.0062)
(0.075 0.07794228634 0.0062)
(0.09 0.07794228634 0.0062)
(0.105 0.07794228634 0.0062)
(0.12 0.07794228634 0.0062)
(0.135 0.07794228634 0.0062)
(0.15 0.07794228634 0.0062)
(0.165 0.07794228634 0.0062)
(0.18 0.07794228634 0.0062)
(0.195 0.07794228634 0.0062)
(0.21 0.07794228634 0.0062)
(0.225 0.07794228634 0.0062)
(0.24 0.07794228634 0.0062)
(0.255 0.07794228634 0.0062)
(0.27 0.07794228634 0.0062)
(0.285 0.07794228634 0.0062)
(0.3 0.07794228634 0.0062)
(0 0.08849372918 0.0062)
(0.015 0.08849372918 0.0062)
(0.03 0.08849372918 0.0062)
(0.045 0.08849372918 0.0062)
(0.06 0.08849372918 0.0062)
(0.075 0.08849372918 0.0062)
(0.09 0.08849372918 0.0062)
(0.105 0.08849372918 0.0062)
(0.12 0.08849372918 0.0062)
(0.135 0.08849372918 0.0062)
(0.15 0.08849372918 0.0062)
(0.165 0.08849372918 0.0062)
(0.18 0.08849372918 0.0062)
(0.195 0.08849372918 0.0062)
(0.21 0.08849372918 0.0062)
(0.225 0.08849372918 0.0062)
(0.24 0.08849372918 0.0062)
(0.255 0.08849372918 0.0062)
(0.27 0.08849372918 0.0062)
(0.285 0.08849372918 0.0062)
(0.3 0.08849372918 0.0062)
(0 0.09904517202 0.0062)
(0.015 0.09904517202 0.0062)
(0.03 0.09904517202 0.0062)
(0.045 0.09904517202 0.0062)
(0.06 0.09904517202 0.0062)
(0.075 0.09904517202 0.0062)
(0.09 0.09904517202 0.0062)
(0.105 0.09904517202 0.0062)
(0.12 0.09904517202 0.0062)
(0.135 0.09904517202 0.0062)
(0.15 0.09904517202 0.0062)
(0.165 0.09904517202 0.0062)
(0.18 0.09904517202 0.0062)
(0.195 0.09904517202 0.0062)
(0.21 0.09904517202 0.0062)
(0.225 0.09904517202 0.0062)
(0.24 0.09904517202 0.0062)
(0.255 0.09904517202 0.0062)
(0.27 0.09904517202 0.0062)
(0.285 0.09904517202 0.0062)
(0.3 0.09904517202 0.0062)
(0 0.1095966149 0.0062)
(0.015 0.1095966149 0.0062)
(0.03 0.1095966149 0.0062)
(0.045 0.1095966149 0.0062)
(0.06 0.1095966149 0.0062)
(0.075 0.1095966149 0.0062)
(0.09 0.1095966149 0.0062)
(0.105 0.1095966149 0.0062)
(0.12 0.1095966149 0.0062)
(0.135 0.1095966149 0.0062)
(0.15 0.1095966149 0.0062)
(0.165 0.1095966149 0.0062)
(0.18 0.1095966149 0.0062)
(0.195 0.1095966149 0.0062)
(0.21 0.1095966149 0.0062)
(0.225 0.1095966149 0.0062)
(0.24 0.1095966149 0.0062)
(0.255 0.1095966149 0.0062)
(0.27 0.1095966149 0.0062)
(0.285 0.1095966149 0.0062)
(0.3 0.1095966149 0.0062)
(0 0.1201480577 0.0062)
(0.015 0.1201480577 0.0062)
(0.03 0.1201480577 0.0062)
(0.045 0.1201480577 0.0062)
(0.06 0.1201480577 0.0062)
(0.075 0.1201480577 0.0062)
(0.09 0.1201480577 0.0062)
(0.105 0.1201480577 0.0062)
(0.12 0.1201480577 0.0062)
(0.135 0.1201480577 0.0062)
(0.15 0.1201480577 0.0062)
(0.165 0.1201480577 0.0062)
(0.18 0.1201480577 0.0062)
(0.195 0.1201480577 0.0062)
(0.21 0.1201480577 0.0062)
(0.225 0.1201480577 0.0062)
(0.24 0.1201480577 0.0062)
(0.255 0.1201480577 0.0062)
(0.27 0.1201480577 0.0062)
(0.285 0.1201480577 0.0062)
(0.3 0.1201480577 0.0062)
(0 0.1306995005 0.0062)
(0.015 0.1306995005 0.0062)
(0.03 0.1306995005 0.0062)
(0.045 0.1306995005 0.0062)
(0.06 0.1306995005 0.0062)
(0.075 0.1306995005 0.0062)
(0.09 0.1306995005 0.0062)
(0.105 0.1306995005 0.0062)
(0.12 0.1306995005 0.0062)
(0.135 0.1306995005 0.0062)
(0.15 0.1306995005 0.0062)
(0.165 0.1306995005 0.0062)
(0.18 0.1306995005 0.0062)
(0.195 0.1306995005 0.0062)
(0.21 0.1306995005 0.0062)
(0.225 0.1306995005 0.0062)
(0.24 0.1306995005 0.0062)
(0.255 0.1306995005 0.0062)
(0.27 0.1306995005 0.0062)
(0.285 0.1306995005 0.0062)
(0.3 0.1306995005 0.0062)
(0 0.1412509434 0.0062)
(0.015 0.1412509434 0.0062)
(0.03 0.1412509434 0.0062)
(0.045 0.1412509434 0.0062)
(0.06 0.1412509434 0.0062)
(0.075 0.1412509434 0.0062)
(0.09 0.1412509434 0.0062)
(0.105 0.1412509434 0.0062)
(0.12 0.1412509434 0.0062)
(0.135 0.1412509434 0.0062)
(0.15 0.1412509434 0.0062)
(0.165 0.1412509434 0.0062)
(0.18 0.1412509434 0.0062)
(0.195 0.1412509434 0.0062)
(0.21 0.1412509434 0.0062)
(0.225 0.1412509434 0.0062)
(0.24 0.1412509434 0.0062)
(0.255 0.1412509434 0.0062)
(0.27 0.1412509434 0.0062)
(0.285 0.1412509434 0.0062)
(0.3 0.1412509434 0.0062)
(0 0.1518023862 0.0062)
(0.015 0.1518023862 0.0062)
(0.03 0.1518023862 0.0062)
(0.045 0.1518023862 0.0062)
(0.06 0.1518023862 0.0062)
(0.075 0.1518023862 0.0062)
(0.09 0.1518023862 0.0062)
(0.105 0.1518023862 0.0062)
(0.12 0.1518023862 0.0062)
(0.135 0.1518023862 0.0062)
(0.15 0.1518023862 0.0062)
(0.165 0.1518023862 0.0062)
(0.18 0.1518023862 0.0062)
(0.195 0.1518023862 0.0062)
(0.21 0.1518023862 0.0062)
(0.225 0.1518023862 0.0062)
(0.24 0.1518023862 0.0062)
(0.255 0.1518023862 0.0062)
(0.27 0.1518023862 0.0062)
(0.285 0.1518023862 0.0062)
(0.3 0.1518023862 0.0062)
(0 0.1623538291 0.0062)
(0.015 0.1623538291 0.0062)
(0.03 0.1623538291 0.0062)
(0.045 0.1623538291 0.0062)
(0.06 0.1623538291 0.0062)
(0.075 0.1623538291 0.0062)
(0.09 0.1623538291 0.0062)
(0.105 0.1623538291 0.0062)
(0.12 0.1623538291 0.0062)
(0.135 0.1623538291 0.0062)
(0.15 0.1623538291 0.0062)
(0.165 0.1623538291 0.0062)
(0.18 0.1623538291 0.0062)
(0.195 0.1623538291 0.0062)
(0.21 0.1623538291 0.0062)
(0.225 0.1623538291 0.0062)
(0.24 0.1623538291 0.0062)
(0.255 0.1623538291 0.0062)
(0.27 0.1623538291 0.0062)
(0.285 0.1623538291 0.0062)
(0.3 0.1623538291 0.0062)
(0 0.1729052719 0.0062)
(0.015 0.1729052719 0.0062)
(0.03 0.1729052719 0.0062)
(0.045 0.1729052719 0.0062)
(0.06 0.1729052719 0.0062)
(0.075 0.1729052719 0.0062)
(0.09 0.1729052719 0.0062)
(0.105 0.1729052719 0.0062)
(0.12 0.1729052719 0.0062)
(0.135 0.1729052719 0.0062)
(0.15 0.1729052719 0.0062)
(0.165 0.1729052719 0.0062)
(0.18 0.1729052719 0.0062)
(0.195 0.1729052719 0.0062)
(0.21 0.1729052719 0.0062)
(0.225 0.1729052719 0.0062)
(0.24 0.1729052719 0.0062)
(0.255 0.1729052719 0.0062)
(0.27 0.1729052719 0.0062)
(0.285 0.1729052719 0.0062)
(0.3 0.1729052719 0.0062)
(0 0.1834567148 0.0062)
(0.015 0.1834567148 0.0062)
(0.03 0.1834567148 0.0062)
(0.045 0.1834567148 0.0062)
(0.06 0.1834567148 0.0062)
(0.075 0.1834567148 0.0062)
(0.09 0.1834567148 0.0062)
(0.105 0.1834567148 0.0062)
(0.12 0.1834567148 0.0062)
(0.135 0.1834567148 0.0062)
(0.15 0.1834567148 0.0062)
(0.165 0.1834567148 0.0062)
(0.18 0.1834567148 0.0062)
(0.195 0.1834567148 0.0062)
(0.21 0.1834567148 0.0062)
(0.225 0.1834567148 0.0062)
(0.24 0.1834567148 0.0062)
(0.255 0.1834567148 0.0062)
(0.27 0.1834567148 0.0062)
(0.285 0.1834567148 0.0062)
(0.3 0.1834567148 0.0062)
(0 0.1940081576 0.0062)
(0.015 0.1940081576 0.0062)
(0.03 0.1940081576 0.0062)
(0.045 0.1940081576 0.0062)
(0.06 0.1940081576 0.0062)
(0.075 0.1940081576 0.0062)
(0.09 0.1940081576 0.0062)
(0.105 0.1940081576 0.0062)
(0.12 0.1940081576 0.0062)
(0.135 0.1940081576 0.0062)
(0.15 0.1940081576 0.0062)
(0.165 0.1940081576 0.0062)
(0.18 0.1940081576 0.0062)
(0.195 0.1940081576 0.0062)
(0.21 0.1940081576 0.0062)
(0.225 0.1940081576 0.0062)
(0.24 0.1940081576 0.0062)
(0.255 0.1940081576 0.0062)
(0.27 0.1940081576 0.0062)
(0.285 0.1940081576 0.0062)
(0.3 0.1940081576 0.0062)
(0 0.2045596004 0.0062)
(0.015 0.2045596004 0.0062)
(0.03 0.2045596004 0.0062)
(0.045 0.2045596004 0.0062)
(0.06 0.2045596004 0.0062)
(0.075 0.2045596004 0.0062)
(0.09 0.2045596004 0.0062)
(0.105 0.2045596004 0.0062)
(0.12 0.2045596004 0.0062)
(0.135 0.2045596004 0.0062)
(0.15 0.2045596004 0.0062)
(0.165 0.2045596004 0.0062)
(0.18 0.2045596004 0.0062)
(0.195 0.2045596004 0.0062)
(0.21 0.2045596004 0.0062)
(0.225 0.2045596004 0.0062)
(0.24 0.2045596004 0.0062)
(0.255 0.2045596004 0.0062)
(0.27 0.2045596004 0.0062)
(0.285 0.2045596004 0.0062)
(0.3 0.2045596004 0.0062)
(0 0.2151110433 0.0062)
(0.015 0.2151110433 0.0062)
(0.03 0.2151110433 0.0062)
(0.045 0.2151110433 0.0062)
(0.06 0.2151110433 0.0062)
(0.075 0.2151110433 0.0062)
(0.09 0.2151110433 0.0062)
(0.105 0.2151110433 0.0062)
(0.12 0.2151110433 0.0062)
(0.135 0.2151110433 0.0062)
(0.15 0.2151110433 0.0062)
(0.165 0.2151110433 0.0062)
(0.18 0.2151110433 0.0062)
(0.195 0.2151110433 0.0062)
(0.21 0.2151110433 0.0062)
(0.225 0.2151110433 0.0062)
(0.24 0.2151110433 0.0062)
(0.255 0.2151110433 0.0062)
(0.27 0.2151110433 0.0062)
(0.285 0.2151110433 0.0062)
(0.3 0.2151110433 0.0062)
(0 0.2256624861 0.0062)
(0.015 0.2256624861 0.0062)
(0.03 0.2256624861 0.0062)
(0.045 0.2256624861 0.0062)
(0.06 0.2256624861 0.0062)
(0.075 0.2256624861 0.0062)
(0.09 0.2256624861 0.0062)
(0.105 0.2256624861 0.0062)
(0.12 0.2256624861 0.0062)
(0.135 0.2256624861 0.0062)
(0.15 0.2256624861 0.0062)
(0.165 0.2256624861 0.0062)
(0.18 0.2256624861 0.0062)
(0.195 0.2256624861 0.0062)
(0.21 0.2256624861 0.0062)
(0.225 0.2256624861 0.0062)
(0.24 0.2256624861 0.0062)
(0.255 0.2256624861 0.0062)
(0.27 0.2256624861 0.0062)
(0.285 0.2256624861 0.0062)
(0.3 0.2256624861 0.0062)
(0 0.236213929 0.0062)
(0.015 0.236213929 0.0062)
(0.03 0.236213929 0.0062)
(0.045 0.236213929 0.0062)
(0.06 0.236213929 0.0062)
(0.075 0.236213929 0.0062)
(0.09 0.236213929 0.0062)
(0.105 0.236213929 0.0062)
(0.12 0.236213929 0.0062)
(0.135 0.236213929 0.0062)
(0.15 0.236213929 0.0062)
(0.165 0.236213929 0.0062)
(0.18 0.236213929 0.0062)
(0.195 0.236213929 0.0062)
(0.21 0.236213929 0.0062)
(0.225 0.236213929 0.0062)
(0.24 0.236213929 0.0062)
(0.255 0.236213929 0.0062)
(0.27 0.236213929 0.0062)
(0.285 0.236213929 0.0062)
(0.3 0.236213929 0.0062)
(0 0.2467653718 0.0062)
(0.015 0.2467653718 0.0062)
(0.03 0.2467653718 0.0062)
(0.045 0.2467653718 0.0062)
(0.06 0.2467653718 0.0062)
(0.075 0.2467653718 0.0062)
(0.09 0.2467653718 0.0062)
(0.105 0.2467653718 0.0062)
(0.12 0.2467653718 0.0062)
(0.135 0.2467653718 0.0062)
(0.15 0.2467653718 0.0062)
(0.165 0.2467653718 0.0062)
(0.18 0.2467653718 0.0062)
(0.195 0.2467653718 0.0062)
(0.21 0.2467653718 0.0062)
(0.225 0.2467653718 0.0062)
(0.24 0.2467653718 0.0062)
(0.255 0.2467653718 0.0062)
(0.27 0.2467653718 0.0062)
(0.285 0.2467653718 0.0062)
(0.3 0.2467653718 0.0062)
(0 0.2573168146 0.0062)
(0.015 0.2573168146 0.0062)
(0.03 0.2573168146 0.0062)
(0.045 0.2573168146 0.0062)
(0.06 0.2573168146 0.0062)
(0.075 0.2573168146 0.0062)
(0.09 0.2573168146 0.0062)
(0.105 0.2573168146 0.0062)
(0.12 0.2573168146 0.0062)
(0.135 0.2573168146 0.0062)
(0.15 0.2573168146 0.0062)
(0.165 0.2573168146 0.0062)
(0.18 0.2573168146 0.0062)
(0.195 0.2573168146 0.0062)
(0.21 0.2573168146 0.0062)
(0.225 0.2573168146 0.0062)
(0.24 0.2573168146 0.0062)
(0.255 0.2573168146 0.0062)
(0.27 0.2573168146 0.0062)
(0.285 0.2573168146 0.0062)
(0.3 0.2573168146 0.0062)
(0 0.2678682575 0.0062)
(0.015 0.2678682575 0.0062)
(0.03 0.2678682575 0.0062)
(0.045 0.2678682575 0.0062)
(0.06 0.2678682575 0.0062)
(0.075 0.2678682575 0.0062)
(0.09 0.2678682575 0.0062)
(0.105 0.2678682575 0.0062)
(0.12 0.2678682575 0.0062)
(0.135 0.2678682575 0.0062)
(0.15 0.2678682575 0.0062)
(0.165 0.2678682575 0.0062)
(0.18 0.2678682575 0.0062)
(0.195 0.2678682575 0.0062)
(0.21 0.2678682575 0.0062)
(0.225 0.2678682575 0.0062)
(0.24 0.2678682575 0.0062)
(0.255 0.2678682575 0.0062)
(0.27 0.2678682575 0.0062)
(0.285 0.2678682575 0.0062)
(0.3 0.2678682575 0.0062)
(0 0.2784197003 0.0062)
(0.015 0.2784197003 0.0062)
(0.03 0.2784197003 0.0062)
(0.045 0.2784197003 0.0062)
(0.06 0.2784197003 0.0062)
(0.075 0.2784197003 0.0062)
(0.09 0.2784197003 0.0062)
(0.105 0.2784197003 0.0062)
(0.12 0.2784197003 0.0062)
(0.135 0.2784197003 0.0062)
(0.15 0.2784197003 0.0062)
(0.165 0.2784197003 0.0062)
(0.18 0.2784197003 0.0062)
(0.195 0.2784197003 0.0062)
(0.21 0.2784197003 0.0062)
(0.225 0.2784197003 0.0062)
(0.24 0.2784197003 0.0062)
(0.255 0.2784197003 0.0062)
(0.27 0.2784197003 0.0062)
(0.285 0.2784197003 0.0062)
(0.3 0.2784197003 0.0062)
(0 0.2889711432 0.0062)
(0.015 0.2889711432 0.0062)
(0.03 0.2889711432 0.0062)
(0.045 0.2889711432 0.0062)
(0.06 0.2889711432 0.0062)
(0.075 0.2889711432 0.0062)
(0.09 0.2889711432 0.0062)
(0.105 0.2889711432 0.0062)
(0.12 0.2889711432 0.0062)
(0.135 0.2889711432 0.0062)
(0.15 0.2889711432 0.0062)
(0.165 0.2889711432 0.0062)
(0.18 0.2889711432 0.0062)
(0.195 0.2889711432 0.0062)
(0.21 0.2889711432 0.0062)
(0.225 0.2889711432 0.0062)
(0.24 0.2889711432 0.0062)
(0.255 0.2889711432 0.0062)
(0.27 0.2889711432 0.0062)
(0.285 0.2889711432 0.0062)
(0.3 0.2889711432 0.0062)
(0 0.299522586 0.0062)
(0.015 0.299522586 0.0062)
(0.03 0.299522586 0.0062)
(0.045 0.299522586 0.0062)
(0.06 0.299522586 0.0062)
(0.075 0.299522586 0.0062)
(0.09 0.299522586 0.0062)
(0.105 0.299522586 0.0062)
(0.12 0.299522586 0.0062)
(0.135 0.299522586 0.0062)
(0.15 0.299522586 0.0062)
(0.165 0.299522586 0.0062)
(0.18 0.299522586 0.0062)
(0.195 0.299522586 0.0062)
(0.21 0.299522586 0.0062)
(0.225 0.299522586 0.0062)
(0.24 0.299522586 0.0062)
(0.255 0.299522586 0.0062)
(0.27 0.299522586 0.0062)
(0.285 0.299522586 0.0062)
(0.3 0.299522586 0.0062)
(0 0.3100740289 0.0062)
(0.015 0.3100740289 0.0062)
(0.03 0.3100740289 0.0062)
(0.045 0.3100740289 0.0062)
(0.06 0.3100740289 0.0062)
(0.075 0.3100740289 0.0062)
(0.09 0.3100740289 0.0062)
(0.105 0.3100740289 0.0062)
(0.12 0.3100740289 0.0062)
(0.135 0.3100740289 0.0062)
(0.15 0.3100740289 0.0062)
(0.165 0.3100740289 0.0062)
(0.18 0.3100740289 0.0062)
(0.195 0.3100740289 0.0062)
(0.21 0.3100740289 0.0062)
(0.225 0.3100740289 0.0062)
(0.24 0.3100740289 0.0062)
(0.255 0.3100740289 0.0062)
(0.27 0.3100740289 0.0062)
(0.285 0.3100740289 0.0062)
(0.3 0.3100740289 0.0062)
(0 0.3206254717 0.0062)
(0.015 0.3206254717 0.0062)
(0.03 0.3206254717 0.0062)
(0.045 0.3206254717 0.0062)
(0.06 0.3206254717 0.0062)
(0.075 0.3206254717 0.0062)
(0.09 0.3206254717 0.0062)
(0.105 0.3206254717 0.0062)
(0.12 0.3206254717 0.0062)
(0.135 0.3206254717 0.0062)
(0.15 0.3206254717 0.0062)
(0.165 0.3206254717 0.0062)
(0.18 0.3206254717 0.0062)
(0.195 0.3206254717 0.0062)
(0.21 0.3206254717 0.0062)
(0.225 0.3206254717 0.0062)
(0.24 0.3206254717 0.0062)
(0.255 0.3206254717 0.0062)
(0.27 0.3206254717 0.0062)
(0.285 0.3206254717 0.0062)
(0.3 0.3206254717 0.0062)
(0 0.3311769145 0.0062)
(0.015 0.3311769145 0.0062)
(0.03 0.3311769145 0.0062)
(0.045 0.3311769145 0.0062)
(0.06 0.3311769145 0.0062)
(0.075 0.3311769145 0.0062)
(0.09 0.3311769145 0.0062)
(0.105 0.3311769145 0.0062)
(0.12 0.3311769145 0.0062)
(0.135 0.3311769145 0.0062)
(0.15 0.3311769145 0.0062)
(0.165 0.3311769145 0.0062)
(0.18 0.3311769145 0.0062)
(0.195 0.3311769145 0.0062)
(0.21 0.3311769145 0.0062)
(0.225 0.3311769145 0.0062)
(0.24 0.3311769145 0.0062)
(0.255 0.3311769145 0.0062)
(0.27 0.3311769145 0.0062)
(0.285 0.3311769145 0.0062)
(0.3 0.3311769145 0.0062)
(0 0.3417283574 0.0062)
(0.015 0.3417283574 0.0062)
(0.03 0.3417283574 0.0062)
(0.045 0.3417283574 0.0062)
(0.06 0.3417283574 0.0062)
(0.075 0.3417283574 0.0062)
(0.09 0.3417283574 0.0062)
(0.105 0.3417283574 0.0062)
(0.12 0.3417283574 0.0062)
(0.135 0.3417283574 0.0062)
(0.15 0.3417283574 0.0062)
(0.165 0.3417283574 0.0062)
(0.18 0.3417283574 0.0062)
(0.195 0.3417283574 0.0062)
(0.21 0.3417283574 0.0062)
(0.225 0.3417283574 0.0062)
(0.24 0.3417283574 0.0062)
(0.255 0.3417283574 0.0062)
(0.27 0.3417283574 0.0062)
(0.285 0.3417283574 0.0062)
(0.3 0.3417283574 0.0062)
(0 0.3522798002 0.0062)
(0.015 0.3522798002 0.0062)
(0.03 0.3522798002 0.0062)
(0.045 0.3522798002 0.0062)
(0.06 0.3522798002 0.0062)
(0.075 0.3522798002 0.0062)
(0.09 0.3522798002 0.0062)
(0.105 0.3522798002 0.0062)
(0.12 0.3522798002 0.0062)
(0.135 0.3522798002 0.0062)
(0.15 0.3522798002 0.0062)
(0.165 0.3522798002 0.0062)
(0.18 0.3522798002 0.0062)
(0.195 0.3522798002 0.0062)
(0.21 0.3522798002 0.0062)
(0.225 0.3522798002 0.0062)
(0.24 0.3522798002 0.0062)
(0.255 0.3522798002 0.0062)
(0.27 0.3522798002 0.0062)
(0.285 0.3522798002 0.0062)
(0.3 0.3522798002 0.0062)
(0 0.3628312431 0.0062)
(0.015 0.3628312431 0.0062)
(0.03 0.3628312431 0.0062)
(0.045 0.3628312431 0.0062)
(0.06 0.3628312431 0.0062)
(0.075 0.3628312431 0.0062)
(0.09 0.3628312431 0.0062)
(0.105 0.3628312431 0.0062)
(0.12 0.3628312431 0.0062)
(0.135 0.3628312431 0.0062)
(0.15 0.3628312431 0.0062)
(0.165 0.3628312431 0.0062)
(0.18 0.3628312431 0.0062)
(0.195 0.3628312431 0.0062)
(0.21 0.3628312431 0.0062)
(0.225 0.3628312431 0.0062)
(0.24 0.3628312431 0.0062)
(0.255 0.3628312431 0.0062)
(0.27 0.3628312431 0.0062)
(0.285 0.3628312431 0.0062)
(0.3 0.3628312431 0.0062)
(0 0.3733826859 0.0062)
(0.015 0.3733826859 0.0062)
(0.03 0.3733826859 0.0062)
(0.045 0.3733826859 0.0062)
(0.06 0.3733826859 0.0062)
(0.075 0.3733826859 0.0062)
(0.09 0.3733826859 0.0062)
(0.105 0.3733826859 0.0062)
(0.12 0.3733826859 0.0062)
(0.135 0.3733826859 0.0062)
(0.15 0.3733826859 0.0062)
(0.165 0.3733826859 0.0062)
(0.18 0.3733826859 0.0062)
(0.195 0.3733826859 0.0062)
(0.21 0.3733826859 0.0062)
(0.225 0.3733826859 0.0062)
(0.24 0.3733826859 0.0062)
(0.255 0.3733826859 0.0062)
(0.27 0.3733826859 0.0062)
(0.285 0.3733826859 0.0062)
(0.3 0.3733826859 0.0062)
(0 0.3839341287 0.0062)
(0.015 0.3839341287 0.0062)
(0.03 0.3839341287 0.0062)
(0.045 0.3839341287 0.0062)
(0.06 0.3839341287 0.0062)
(0.075 0.3839341287 0.0062)
(0.09 0.3839341287 0.0062)
(0.105 0.3839341287 0.0062)
(0.12 0.3839341287 0.0062)
(0.135 0.3839341287 0.0062)
(0.15 0.3839341287 0.0062)
(0.165 0.3839341287 0.0062)
(0.18 0.3839341287 0.0062)
(0.195 0.3839341287 0.0062)
(0.21 0.3839341287 0.0062)
(0.225 0.3839341287 0.0062)
(0.24 0.3839341287 0.0062)
(0.255 0.3839341287 0.0062)
(0.27 0.3839341287 0.0062)
(0.285 0.3839341287 0.0062)
(0.3 0.3839341287 0.0062)
(0 0.3944855716 0.0062)
(0.015 0.3944855716 0.0062)
(0.03 0.3944855716 0.0062)
(0.045 0.3944855716 0.0062)
(0.06 0.3944855716 0.0062)
(0.075 0.3944855716 0.0062)
(0.09 0.3944855716 0.0062)
(0.105 0.3944855716 0.0062)
(0.12 0.3944855716 0.0062)
(0.135 0.3944855716 0.0062)
(0.15 0.3944855716 0.0062)
(0.165 0.3944855716 0.0062)
(0.18 0.3944855716 0.0062)
(0.195 0.3944855716 0.0062)
(0.21 0.3944855716 0.0062)
(0.225 0.3944855716 0.0062)
(0.24 0.3944855716 0.0062)
(0.255 0.3944855716 0.0062)
(0.27 0.3944855716 0.0062)
(0.285 0.3944855716 0.0062)
(0.3 0.3944855716 0.0062)
(0 0.4050370144 0.0062)
(0.015 0.4050370144 0.0062)
(0.03 0.4050370144 0.0062)
(0.045 0.4050370144 0.0062)
(0.06 0.4050370144 0.0062)
(0.075 0.4050370144 0.0062)
(0.09 0.4050370144 0.0062)
(0.105 0.4050370144 0.0062)
(0.12 0.4050370144 0.0062)
(0.135 0.4050370144 0.0062)
(0.15 0.4050370144 0.0062)
(0.165 0.4050370144 0.0062)
(0.18 0.4050370144 0.0062)
(0.195 0.4050370144 0.0062)
(0.21 0.4050370144 0.0062)
(0.225 0.4050370144 0.0062)
(0.24 0.4050370144 0.0062)
(0.255 0.4050370144 0.0062)
(0.27 0.4050370144 0.0062)
(0.285 0.4050370144 0.0062)
(0.3 0.4050370144 0.0062)
(0 0.4155884573 0.0062)
(0.015 0.4155884573 0.0062)
(0.03 0.4155884573 0.0062)
(0.045 0.4155884573 0.0062)
(0.06 0.4155884573 0.0062)
(0.075 0.4155884573 0.0062)
(0.09 0.4155884573 0.0062)
(0.105 0.4155884573 0.0062)
(0.12 0.4155884573 0.0062)
(0.135 0.4155884573 0.0062)
(0.15 0.4155884573 0.0062)
(0.165 0.4155884573 0.0062)
(0.18 0.4155884573 0.0062)
(0.195 0.4155884573 0.0062)
(0.21 0.4155884573 0.0062)
(0.225 0.4155884573 0.0062)
(0.24 0.4155884573 0.0062)
(0.255 0.4155884573 0.0062)
(0.27 0.4155884573 0.0062)
(0.285 0.4155884573 0.0062)
(0.3 0.4155884573 0.0062)
(0 0.4261399001 0.0062)
(0.015 0.4261399001 0.0062)
(0.03 0.4261399001 0.0062)
(0.045 0.4261399001 0.0062)
(0.06 0.4261399001 0.0062)
(0.075 0.4261399001 0.0062)
(0.09 0.4261399001 0.0062)
(0.105 0.4261399001 0.0062)
(0.12 0.4261399001 0.0062)
(0.135 0.4261399001 0.0062)
(0.15 0.4261399001 0.0062)
(0.165 0.4261399001 0.0062)
(0.18 0.4261399001 0.0062)
(0.195 0.4261399001 0.0062)
(0.21 0.4261399001 0.0062)
(0.225 0.4261399001 0.0062)
(0.24 0.4261399001 0.0062)
(0.255 0.4261399001 0.0062)
(0.27 0.4261399001 0.0062)
(0.285 0.4261399001 0.0062)
(0.3 0.4261399001 0.0062)
(0 0.436691343 0.0062)
(0.015 0.436691343 0.0062)
(0.03 0.436691343 0.0062)
(0.045 0.436691343 0.0062)
(0.06 0.436691343 0.0062)
(0.075 0.436691343 0.0062)
(0.09 0.436691343 0.0062)
(0.105 0.436691343 0.0062)
(0.12 0.436691343 0.0062)
(0.135 0.436691343 0.0062)
(0.15 0.436691343 0.0062)
(0.165 0.436691343 0.0062)
(0.18 0.436691343 0.0062)
(0.195 0.436691343 0.0062)
(0.21 0.436691343 0.0062)
(0.225 0.436691343 0.0062)
(0.24 0.436691343 0.0062)
(0.255 0.436691343 0.0062)
(0.27 0.436691343 0.0062)
(0.285 0.436691343 0.0062)
(0.3 0.436691343 0.0062)
(0 0.4472427858 0.0062)
(0.015 0.4472427858 0.0062)
(0.03 0.4472427858 0.0062)
(0.045 0.4472427858 0.0062)
(0.06 0.4472427858 0.0062)
(0.075 0.4472427858 0.0062)
(0.09 0.4472427858 0.0062)
(0.105 0.4472427858 0.0062)
(0.12 0.4472427858 0.0062)
(0.135 0.4472427858 0.0062)
(0.15 0.4472427858 0.0062)
(0.165 0.4472427858 0.0062)
(0.18 0.4472427858 0.0062)
(0.195 0.4472427858 0.0062)
(0.21 0.4472427858 0.0062)
(0.225 0.4472427858 0.0062)
(0.24 0.4472427858 0.0062)
(0.255 0.4472427858 0.0062)
(0.27 0.4472427858 0.0062)
(0.285 0.4472427858 0.0062)
(0.3 0.4472427858 0.0062)
(0 0.4577942286 0.0062)
(0.015 0.4577942286 0.0062)
(0.03 0.4577942286 0.0062)
(0.045 0.4577942286 0.0062)
(0.06 0.4577942286 0.0062)
(0.075 0.4577942286 0.0062)
(0.09 0.4577942286 0.0062)
(0.105 0.4577942286 0.0062)
(0.12 0.4577942286 0.0062)
(0.135 0.4577942286 0.0062)
(0.15 0.4577942286 0.0062)
(0.165 0.4577942286 0.0062)
(0.18 0.4577942286 0.0062)
(0.195 0.4577942286 0.0062)
(0.21 0.4577942286 0.0062)
(0.225 0.4577942286 0.0062)
(0.24 0.4577942286 0.0062)
(0.255 0.4577942286 0.0062)
(0.27 0.4577942286 0.0062)
(0.285 0.4577942286 0.0062)
(0.3 0.4577942286 0.0062)
(0 0.4683456715 0.0062)
(0.015 0.4683456715 0.0062)
(0.03 0.4683456715 0.0062)
(0.045 0.4683456715 0.0062)
(0.06 0.4683456715 0.0062)
(0.075 0.4683456715 0.0062)
(0.09 0.4683456715 0.0062)
(0.105 0.4683456715 0.0062)
(0.12 0.4683456715 0.0062)
(0.135 0.4683456715 0.0062)
(0.15 0.4683456715 0.0062)
(0.165 0.4683456715 0.0062)
(0.18 0.4683456715 0.0062)
(0.195 0.4683456715 0.0062)
(0.21 0.4683456715 0.0062)
(0.225 0.4683456715 0.0062)
(0.24 0.4683456715 0.0062)
(0.255 0.4683456715 0.0062)
(0.27 0.4683456715 0.0062)
(0.285 0.4683456715 0.0062)
(0.3 0.4683456715 0.0062)
(0 0.4788971143 0.0062)
(0.015 0.4788971143 0.0062)
(0.03 0.4788971143 0.0062)
(0.045 0.4788971143 0.0062)
(0.06 0.4788971143 0.0062)
(0.075 0.4788971143 0.0062)
(0.09 0.4788971143 0.0062)
(0.105 0.4788971143 0.0062)
(0.12 0.4788971143 0.0062)
(0.135 0.4788971143 0.0062)
(0.15 0.4788971143 0.0062)
(0.165 0.4788971143 0.0062)
(0.18 0.4788971143 0.0062)
(0.195 0.4788971143 0.0062)
(0.21 0.4788971143 0.0062)
(0.225 0.4788971143 0.0062)
(0.24 0.4788971143 0.0062)
(0.255 0.4788971143 0.0062)
(0.27 0.4788971143 0.0062)
(0.285 0.4788971143 0.0062)
(0.3 0.4788971143 0.0062)
(0 0.4894485572 0.0062)
(0.015 0.4894485572 0.0062)
(0.03 0.4894485572 0.0062)
(0.045 0.4894485572 0.0062)
(0.06 0.4894485572 0.0062)
(0.075 0.4894485572 0.0062)
(0.09 0.4894485572 0.0062)
(0.105 0.4894485572 0.0062)
(0.12 0.4894485572 0.0062)
(0.135 0.4894485572 0.0062)
(0.15 0.4894485572 0.0062)
(0.165 0.4894485572 0.0062)
(0.18 0.4894485572 0.0062)
(0.195 0.4894485572 0.0062)
(0.21 0.4894485572 0.0062)
(0.225 0.4894485572 0.0062)
(0.24 0.4894485572 0.0062)
(0.255 0.4894485572 0.0062)
(0.27 0.4894485572 0.0062)
(0.285 0.4894485572 0.0062)
(0.3 0.4894485572 0.0062)
(0 0.5 0.0062)
(0.015 0.5 0.0062)
(0.03 0.5 0.0062)
(0.045 0.5 0.0062)
(0.06 0.5 0.0062)
(0.075 0.5 0.0062)
(0.09 0.5 0.0062)
(0.105 0.5 0.0062)
(0.12 0.5 0.0062)
(0.135 0.5 0.0062)
(0.15 0.5 0.0062)
(0.165 0.5 0.0062)
(0.18 0.5 0.0062)
(0.195 0.5 0.0062)
(0.21 0.5 0.0062)
(0.225 0.5 0.0062)
(0.24 0.5 0.0062)
(0.255 0.5 0.0062)
(0.27 0.5 0.0062)
(0.285 0.5 0.0062)
(0.3 0.5 0.0062)
(0.135 0 0)
(0.1365 0 0)
(0.138 0 0)
(0.1395 0 0)
(0.141 0 0)
(0.1425 0 0)
(0.144 0 0)
(0.1455 0 0)
(0.147 0 0)
(0.1485 0 0)
(0.15 0 0)
(0.1515 0 0)
(0.153 0 0)
(0.1545 0 0)
(0.156 0 0)
(0.1575 0 0)
(0.159 0 0)
(0.1605 0 0)
(0.162 0 0)
(0.1635 0 0)
(0.165 0 0)
(0.118125 0.009742785793 0)
(0.1213125 0.009742785793 0)
(0.1245 0.009742785793 0)
(0.1276875 0.009742785793 0)
(0.130875 0.009742785793 0)
(0.1340625 0.009742785793 0)
(0.13725 0.009742785793 0)
(0.1404375 0.009742785793 0)
(0.143625 0.009742785793 0)
(0.1468125 0.009742785793 0)
(0.15 0.009742785793 0)
(0.1531875 0.009742785793 0)
(0.156375 0.009742785793 0)
(0.1595625 0.009742785793 0)
(0.16275 0.009742785793 0)
(0.1659375 0.009742785793 0)
(0.169125 0.009742785793 0)
(0.1723125 0.009742785793 0)
(0.1755 0.009742785793 0)
(0.1786875 0.009742785793 0)
(0.181875 0.009742785793 0)
(0.10125 0.01948557159 0)
(0.106125 0.01948557159 0)
(0.111 0.01948557159 0)
(0.115875 0.01948557159 0)
(0.12075 0.01948557159 0)
(0.125625 0.01948557159 0)
(0.1305 0.01948557159 0)
(0.135375 0.01948557159 0)
(0.14025 0.01948557159 0)
(0.145125 0.01948557159 0)
(0.15 0.01948557159 0)
(0.154875 0.01948557159 0)
(0.15975 0.01948557159 0)
(0.164625 0.01948557159 0)
(0.1695 0.01948557159 0)
(0.174375 0.01948557159 0)
(0.17925 0.01948557159 0)
(0.184125 0.01948557159 0)
(0.189 0.01948557159 0)
(0.193875 0.01948557159 0)
(0.19875 0.01948557159 0)
(0.084375 0.02922835738 0)
(0.0909375 0.02922835738 0)
(0.0975 0.02922835738 0)
(0.1040625 0.02922835738 0)
(0.110625 0.02922835738 0)
(0.1171875 0.02922835738 0)
(0.12375 0.02922835738 0)
(0.1303125 0.02922835738 0)
(0.136875 0.02922835738 0)
(0.1434375 0.02922835738 0)
(0.15 0.02922835738 0)
(0.1565625 0.02922835738 0)
(0.163125 0.02922835738 0)
(0.1696875 0.02922835738 0)
(0.17625 0.02922835738 0)
(0.1828125 0.02922835738 0)
(0.189375 0.02922835738 0)
(0.1959375 0.02922835738 0)
(0.2025 0.02922835738 0)
(0.2090625 0.02922835738 0)
(0.215625 0.02922835738 0)
(0.0675 0.03897114317 0)
(0.07575 0.03897114317 0)
(0.084 0.03897114317 0)
(0.09225 0.03897114317 0)
(0.1005 0.03897114317 0)
(0.10875 0.03897114317 0)
(0.117 0.03897114317 0)
(0.12525 0.03897114317 0)
(0.1335 0.03897114317 0)
(0.14175 0.03897114317 0)
(0.15 0.03897114317 0)
(0.15825 0.03897114317 0)
(0.1665 0.03897114317 0)
(0.17475 0.03897114317 0)
(0.183 0.03897114317 0)
(0.19125 0.03897114317 0)
(0.1995 0.03897114317 0)
(0.20775 0.03897114317 0)
(0.216 0.03897114317 0)
(0.22425 0.03897114317 0)
(0.2325 0.03897114317 0)
(0.050625 0.04871392896 0)
(0.0605625 0.04871392896 0)
(0.0705 0.04871392896 0)
(0.0804375 0.04871392896 0)
(0.090375 0.04871392896 0)
(0.1003125 0.04871392896 0)
(0.11025 0.04871392896 0)
(0.1201875 0.04871392896 0)
(0.130125 0.04871392896 0)
(0.1400625 0.04871392896 0)
(0.15 0.04871392896 0)
(0.1599375 0.04871392896 0)
(0.169875 0.04871392896 0)
(0.1798125 0.04871392896 0)
(0.18975 0.04871392896 0)
(0.1996875 0.04871392896 0)
(0.209625 0.04871392896 0)
(0.2195625 0.04871392896 0)
(0.2295 0.04871392896 0)
(0.2394375 0.04871392896 0)
(0.249375 0.04871392896 0)
(0.03375 0.05845671476 0)
(0.045375 0.05845671476 0)
(0.057 0.05845671476 0)
(0.068625 0.05845671476 0)
(0.08025 0.05845671476 0)
(0.091875 0.05845671476 0)
(0.1035 0.05845671476 0)
(0.115125 0.05845671476 0)
(0.12675 0.05845671476 0)
(0.138375 0.05845671476 0)
(0.15 0.05845671476 0)
(0.161625 0.05845671476 0)
(0.17325 0.05845671476 0)
(0.184875 0.05845671476 0)
(0.1965 0.05845671476 0)
(0.208125 0.05845671476 0)
(0.21975 0.05845671476 0)
(0.231375 0.05845671476 0)
(0.243 0.05845671476 0)
(0.254625 0.05845671476 0)
(0.26625 0.05845671476 0)
(0.016875 0.06819950055 0)
(0.0301875 0.06819950055 0)
(0.0435 0.06819950055 0)
(0.0568125 0.06819950055 0)
(0.070125 0.06819950055 0)
(0.0834375 0.06819950055 0)
(0.09675 0.06819950055 0)
(0.1100625 0.06819950055 0)
(0.123375 0.06819950055 0)
(0.1366875 0.06819950055 0)
(0.15 0.06819950055 0)
(0.1633125 0.06819950055 0)
(0.176625 0.06819950055 0)
(0.1899375 0.06819950055 0)
(0.20325 0.06819950055 0)
(0.2165625 0.06819950055 0)
(0.229875 0.06819950055 0)
(0.2431875 0.06819950055 0)
(0.2565 0.06819950055 0)
(0.2698125 0.06819950055 0)
(0.283125 0.06819950055 0)
(0.135 0 0.0062)
(0.1365 0 0.0062)
(0.138 0 0.0062)
(0.1395 0 0.0062)
(0.141 0 0.0062)
(0.1425 0 0.0062)
(0.144 0 0.0062)
(0.1455 0 0.0062)
(0.147 0 0.0062)
(0.1485 0 0.0062)
(0.15 0 0.0062)
(0.1515 0 0.0062)
(0.153 0 0.0062)
(0.1545 0 0.0062)
(0.156 0 0.0062)
(0.1575 0 0.0062)
(0.159 0 0.0062)
(0.1605 0 0.0062)
(0.162 0 0.0062)
(0.1635 0 0.0062)
(0.165 0 0.0062)
(0.118125 0.009742785793 0.0062)
(0.1213125 0.009742785793 0.0062)
(0.1245 0.009742785793 0.0062)
(0.1276875 0.009742785793 0.0062)
(0.130875 0.009742785793 0.0062)
(0.1340625 0.009742785793 0.0062)
(0.13725 0.009742785793 0.0062)
(0.1404375 0.009742785793 0.0062)
(0.143625 0.009742785793 0.0062)
(0.1468125 0.009742785793 0.0062)
(0.15 0.009742785793 0.0062)
(0.1531875 0.009742785793 0.0062)
(0.156375 0.009742785793 0.0062)
(0.1595625 0.009742785793 0.0062)
(0.16275 0.009742785793 0.0062)
(0.1659375 0.009742785793 0.0062)
(0.169125 0.009742785793 0.0062)
(0.1723125 0.009742785793 0.0062)
(0.1755 0.009742785793 0.0062)
(0.1786875 0.009742785793 0.0062)
(0.181875 0.009742785793 0.0062)
(0.10125 0.01948557159 0.0062)
(0.106125 0.01948557159 0.0062)
(0.111 0.01948557159 0.0062)
(0.115875 0.01948557159 0.0062)
(0.12075 0.01948557159 0.0062)
(0.125625 0.01948557159 0.0062)
(0.1305 0.01948557159 0.0062)
(0.135375 0.01948557159 0.0062)
(0.14025 0.01948557159 0.0062)
(0.145125 0.01948557159 0.0062)
(0.15 0.01948557159 0.0062)
(0.154875 0.01948557159 0.0062)
(0.15975 0.01948557159 0.0062)
(0.164625 0.01948557159 0.0062)
(0.1695 0.01948557159 0.0062)
(0.174375 0.01948557159 0.0062)
(0.17925 0.01948557159 0.0062)
(0.184125 0.01948557159 0.0062)
(0.189 0.01948557159 0.0062)
(0.193875 0.01948557159 0.0062)
(0.19875 0.01948557159 0.0062)
(0.084375 0.02922835738 0.0062)
(0.0909375 0.02922835738 0.0062)
(0.0975 0.02922835738 0.0062)
(0.1040625 0.02922835738 0.0062)
(0.110625 0.02922835738 0.0062)
(0.1171875 0.02922835738 0.0062)
(0.12375 0.02922835738 0.0062)
(0.1303125 0.02922835738 0.0062)
(0.136875 0.02922835738 0.0062)
(0.1434375 0.02922835738 0.0062)
(0.15 0.02922835738 0.0062)
(0.1565625 0.02922835738 0.0062)
(0.163125 0.02922835738 0.0062)
(0.1696875 0.02922835738 0.0062)
(0.17625 0.02922835738 0.0062)
(0.1828125 0.02922835738 0.0062)
(0.189375 0.02922835738 0.0062)
(0.1959375 0.02922835738 0.0062)
(0.2025 0.02922835738 0.0062)
(0.2090625 0.02922835738 0.0062)
(0.215625 0.02922835738 0.0062)
(0.0675 0.03897114317 0.0062)
(0.07575 0.03897114317 0.0062)
(0.084 0.03897114317 0.0062)
(0.09225 0.03897114317 0.0062)
(0.1005 0.03897114317 0.0062)
(0.10875 0.03897114317 0.0062)
(0.117 0.03897114317 0.0062)
(0.12525 0.03897114317 0.0062)
(0.1335 0.03897114317 0.0062)
(0.14175 0.03897114317 0.0062)
(0.15 0.03897114317 0.0062)
(0.15825 0.03897114317 0.0062)
(0.1665 0.03897114317 0.0062)
(0.17475 0.03897114317 0.0062)
(0.183 0.03897114317 0.0062)
(0.19125 0.03897114317 0.0062)
(0.1995 0.03897114317 0.0062)
(0.20775 0.03897114317 0.0062)
(0.216 0.03897114317 0.0062)
(0.22425 0.03897114317 0.0062)
(0.2325 0.03897114317 0.0062)
(0.050625 0.04871392896 0.0062)
(0.0605625 0.04871392896 0.0062)
(0.0705 0.04871392896 0.0062)
(0.0804375 0.04871392896 0.0062)
(0.090375 0.04871392896 0.0062)
(0.1003125 0.04871392896 0.0062)
(0.11025 0.04871392896 0.0062)
(0.1201875 0.04871392896 0.0062)
(0.130125 0.04871392896 0.0062)
(0.1400625 0.04871392896 0.0062)
(0.15 0.04871392896 0.0062)
(0.1599375 0.04871392896 0.0062)
(0.169875 0.04871392896 0.0062)
(0.1798125 0.04871392896 0.0062)
(0.18975 0.04871392896 0.0062)
(0.1996875 0.04871392896 0.0062)
(0.209625 0.04871392896 0.0062)
(0.2195625 0.04871392896 0.0062)
(0.2295 0.04871392896 0.0062)
(0.2394375 0.04871392896 0.0062)
(0.249375 0.04871392896 0.0062)
(0.03375 0.05845671476 0.0062)
(0.045375 0.05845671476 0.0062)
(0.057 0.05845671476 0.0062)
(0.068625 0.05845671476 0.0062)
(0.08025 0.05845671476 0.0062)
(0.091875 0.05845671476 0.0062)
(0.1035 0.05845671476 0.0062)
(0.115125 0.05845671476 0.0062)
(0.12675 0.05845671476 0.0062)
(0.138375 0.05845671476 0.0062)
(0.15 0.05845671476 0.0062)
(0.161625 0.05845671476 0.0062)
(0.17325 0.05845671476 0.0062)
(0.184875 0.05845671476 0.0062)
(0.1965 0.05845671476 0.0062)
(0.208125 0.05845671476 0.0062)
(0.21975 0.05845671476 0.0062)
(0.231375 0.05845671476 0.0062)
(0.243 0.05845671476 0.0062)
(0.254625 0.05845671476 0.0062)
(0.26625 0.05845671476 0.0062)
(0.016875 0.06819950055 0.0062)
(0.0301875 0.06819950055 0.0062)
(0.0435 0.06819950055 0.0062)
(0.0568125 0.06819950055 0.0062)
(0.070125 0.06819950055 0.0062)
(0.0834375 0.06819950055 0.0062)
(0.09675 0.06819950055 0.0062)
(0.1100625 0.06819950055 0.0062)
(0.123375 0.06819950055 0.0062)
(0.1366875 0.06819950055 0.0062)
(0.15 0.06819950055 0.0062)
(0.1633125 0.06819950055 0.0062)
(0.176625 0.06819950055 0.0062)
(0.1899375 0.06819950055 0.0062)
(0.20325 0.06819950055 0.0062)
(0.2165625 0.06819950055 0.0062)
(0.229875 0.06819950055 0.0062)
(0.2431875 0.06819950055 0.0062)
(0.2565 0.06819950055 0.0062)
(0.2698125 0.06819950055 0.0062)
(0.283125 0.06819950055 0.0062)
)


// ************************************************************************* //
